	Df	SumOfSqs	R2	F	Pr(>F)
species	4	625.584701095961	0.421950635919697	66.5732374952342	0.001
time	1	92.4860811839746	0.0623809385058998	39.368596047043	0.001
PABD	1	8.29967679204412	0.00559804914377818	3.53292753638284	0.004
species:time	4	61.7217681485191	0.0416307164716946	6.56828391483769	0.001
species:PABD	3	9.04094297903509	0.00609802578713063	1.28282089394606	0.151
time:PABD	1	14.9805058440649	0.0101042016472399	6.37675935238508	0.001
species:time:PABD	2	8.00370341596249	0.00539841805619858	1.7034702012975	0.049
Residual	282	662.484251729872	0.446839014468362	NA	NA
Total	298	1482.60163118943	1	NA	NA
