indivID	exp_inhibRich	p_inhibRich	time	exp_percInhib	p_percInhib	exp_dist_weighted_unifrac	p_dist_weighted_unifrac	exp_dist_unweighted_unifrac	p_dist_unweighted_unifrac	exp_dist_braycurtis	p_dist_braycurtis	exp_disper_weighted_unifrac	p_disper_weighted_unifrac	exp_disper_unweighted_unifrac	p_disper_unweighted_unifrac	exp_disper_braycurtis	p_disper_braycurtis	exp_faith_pd	p_faith_pd	exp_shannon	p_shannon	exp_chao1	p_chao1	exp_observed_otus	p_observed_otus	infect
Raca_3	11	0.7325	16	0.236200077753148	0.69675	NA	NA	NA	NA	NA	NA	0.192706064191911	0.82475	-0.173233869312513	0.7285	0.125870835505356	0.6465	25.6938482178847	0.95125	2.77319322117791	0.0645	5.54981119929056	0.97225	5.11063500032934	0.912	0
Raca_5	7	0.23675	13	0.365051960204226	0.80775	0.18684334176276	0.06625	0.619274884081922	0.6035	0.722740877760575	0.706	-0.569575558101588	0.19225	-0.270434441504131	0.55325	-0.255392225198006	0.13825	17.7863287678934	0.5235	2.63880248898704	0.04425	5.01518163912191	0.57925	4.74602310355003	0.51475	0
Raca_1	8	0.4335	9	0.252389983556217	0.5765	NA	NA	NA	NA	NA	NA	-0.40704890654191	0.3205	-0.0876720524881656	0.853	-0.0325652177392765	0.3855	9.72360096019776	0.0175	3.37582728234645	0.3205	4.31677438105593	0.024	4.24388740477326	0.051	0
Osse_1	18	0.60725	13	0.434148101360472	0.03975	0.29437415193484	0.67175	0.71769548534402	0.82275	0.723174096128519	0.84775	-0.892883534130893	0.1455	-0.545708260732178	0.234	-0.225222297756452	0.15325	2.83883495020232	0.039	2.49177137432778	0.24	4.08115089944115	0.158	3.91885516460349	0.13225	0
Rhma_2	8	0.10225	9	0.345076455040845	0.83075	0.265309896869913	0.441	0.486894871182463	0.59475	0.661842960721645	0.81775	0.160230440110888	0.8415	-0.127341406849091	0.816	0.491115749555295	0.93625	15.9109266906934	0.32275	3.31707975231136	0.09075	4.82117760464176	0.2275	4.6982321240038	0.25775	0
Raca_3	12	0.8245	14	0.361448091667265	0.87625	0.181423077073064	0.0635	0.560740664958197	0.3605	0.491094315014201	0.234	-0.13311714809406	0.5525	-0.317686583101029	0.45125	-0.17949974925513	0.2185	24.7682124521218	0.9295	3.41697124493952	0.293	5.35273312823812	0.9	5.02635552372254	0.85975	1.66666666666667
Rhma_2	8	0.10225	10	0.332573413866172	0.8155	0.0921814008773889	0.02975	0.390589980790771	0.234	0.194383464911152	0.02275	0.320964786877888	0.91925	-0.0765676010151274	0.87575	0.676820349183339	0.9845	15.428710924246	0.28575	3.22286205273443	0.072	5.03170566945398	0.45775	4.76818657803387	0.339	0
Rhma_2	9	0.173	14	0.155498044109681	0.4595	0.146448713865536	0.111	0.462085325837596	0.491	0.366202408455376	0.1945	0.172680097758696	0.85075	-0.363933933076976	0.37825	-0.15599479874543	0.19375	14.2275452436164	0.1865	3.60414840850165	0.17975	4.91903124719717	0.32025	4.70603293630783	0.266	0
Rhma_2	13	0.57925	7	0.326183479998592	0.80675	0.327370007290818	0.63125	0.565479028615615	0.84775	0.530522218119944	0.54725	0.0982549483815259	0.8005	-0.186938664240258	0.72625	0.113917655275602	0.5615	14.0154262486882	0.17275	4.82004839804901	0.814	4.81449164221266	0.22175	4.72563918621009	0.288	0
Raca_5	5	0.068	9	0.301512236856362	0.71525	0.540429484402249	0.89675	0.575450357830347	0.4255	0.745068989517198	0.75775	-0.0835592579489804	0.62925	-0.00935460585771612	0.9245	0.112800518199788	0.626	11.4162851388578	0.05925	3.16578361324456	0.1835	4.75425335740996	0.2765	4.41094148943643	0.1365	0
Raca_4	9	0.50275	11	0.131249944772301	0.408	0.23306121994885	0.14925	0.57886797353625	0.43125	0.593022894540426	0.3705	-0.36008416766339	0.3465	-0.159495582992631	0.75225	-0.289046175735871	0.1255	22.5218321282406	0.85725	4.59932992663885	0.90225	5.23343846652595	0.83775	5.007776694047	0.88475	0
Raca_1	6	0.1925	11	0.480134143461198	0.90825	0.277800727016429	0.27325	0.712074130547146	0.89075	0.8553596131344	0.923	0.344676717941615	0.91725	0.552720647603038	1	0.548410073338126	0.968	5.64279247220059	5e-04	2.39401745963832	0.02525	3.58010296166543	0	3.51546413885031	0	0
Anbo_5	12	0.58275	14	0.871834264953161	0.98075	0.249874316133089	0.50125	0.6206843054854	0.89825	0.513939228853234	0.576	-0.04864511563834	0.82075	-0.394382077217499	0.332	0.419078244811129	0.94975	11.3990066561527	0.60425	1.88112118363751	0.004	4.44829905277076	0.4315	4.31934639828674	0.47025	0
Raca_2	11	0.724	7	0.189461811570679	0.61	0.407186395479881	0.56975	0.615733733040273	0.57175	0.758087584810429	0.7785	0.234855018364586	0.83725	-0.296127527513454	0.49775	0.398512468984994	0.90825	14.6635083727849	0.245	3.64553539416916	0.46475	4.70617563199277	0.2665	4.58572508082729	0.39675	0
Anbo_2	11	0.522	10	0.636522102444621	0.835	0.448816843690206	0.769	0.429479538596967	0.2405	0.562810920267228	0.51475	0.443472989500398	0.976	-0.317085746481252	0.4685	0.814874685170919	0.99925	8.33729891851909	0.25175	3.1036967595077	0.20575	4.26654991555833	0.32275	4.11801353050959	0.33175	5.33333333333333
Osse_2	19	0.6965	12	0.345173501566838	0.09475	0.611101234595323	0.9855	0.822795386676936	0.9845	0.910032595054414	0.9925	0.861003299898569	0.999	0.290556315103254	1	0.341591039045355	0.86625	28.2847559411871	1	4.26335416100435	0.97225	5.36094546009484	0.99775	5.17783059299899	0.99975	0
Anbo_1	9	0.27	11	0.862666287995341	0.9735	0.118042016099963	0.109	0.494993690127379	0.492	0.319721687206661	0.1655	-0.300894674371834	0.60625	-0.337814588639544	0.4365	0.181138988986961	0.82225	9.21342210616499	0.3065	2.28879132252782	0.02025	4.26863880617498	0.2545	4.03350774182853	0.17	0
Raca_3	10	0.62575	8	0.344895453242386	0.858	0.185452854017949	0.0705	0.554630685586497	0.339	0.33769504230724	0.04475	0.031009139222565	0.69875	-0.537283508907568	0.10525	-0.0820548875696824	0.338	14.5701425990313	0.2625	3.41165867221771	0.2915	4.59776565047927	0.15925	4.50630383495199	0.2445	0
Osse_3	20	0.778	11	0.195540514935229	0.003	0.261827651960733	0.5375	0.730598235407258	0.85425	0.656016078894562	0.69025	-0.799379220434815	0.2105	-0.551839196519451	0.227	-0.0679444172135794	0.354	10.0795257742518	0.77375	3.74204967341729	0.87125	4.5832754907281	0.71725	4.47370449941548	0.764	0
Osse_6	24	0.94075	8	0.755427825465326	0.53875	0.234816758320058	0.53025	0.569271534935541	0.26075	0.471535219402159	0.3285	-0.480479525751242	0.51	-0.491706049254603	0.31075	0.209427256456897	0.76225	10.096256029856	0.606	3.07126883145147	0.49475	4.55282824574178	0.69825	4.47767914953083	0.81725	0
Anbo_2	7	0.1165	7	0.234800243340394	0.1625	0.292313664888171	0.3375	0.572043107074792	0.7735	0.485474925891454	0.32625	0.624109196376874	0.99	-0.200031846775195	0.71125	0.628816977099915	0.98525	7.71792670187136	0.19225	3.62401658941162	0.479	4.02037468185542	0.1075	3.97957697920414	0.18575	0
Osse_1	16	0.41725	9	0.339405784748106	0.014	0.21001642567656	0.40025	0.552607849656416	0.199	0.571117984089265	0.515	-0.164013489095062	0.75825	-0.579500637320002	0.1825	0.0962233163398496	0.55725	7.94176209320329	0.61225	2.57791314680395	0.2845	4.36201393752527	0.444	4.28766731588131	0.55425	0
Raca_6	11	0.66225	12	0.267650694664782	0.711	0.196086352817908	0.1665	0.561097357227445	0.3505	0.568761539542922	0.458	-0.527951046678715	0.19325	-0.240091597699571	0.634	-0.405112159026213	0.052	11.072735933859	0.05	4.21929111114074	0.72075	4.60386987077751	0.127	4.34411279170431	0.085	0
Rhma_2	13	0.57925	6	0.281788382886821	0.73425	0.293593896763375	0.532	0.540624266703199	0.777	0.453830296591654	0.36325	-0.599753793268747	0.18375	-0.0823319960296767	0.8695	-0.0570709022766244	0.31925	14.8417895076156	0.23775	3.65033979110013	0.19825	4.74900309557182	0.16475	4.61362168898219	0.179	3
Anbo_2	13	0.73925	6	0.504615076321294	0.642	0.179518837128097	0.07925	0.433490112850472	0.25275	0.339898760209705	0.0915	-0.329119537785202	0.52925	-0.3723662884243	0.36425	0.00696137038287101	0.49225	11.6650322022255	0.63225	3.86027774359377	0.623	4.42002650025595	0.49625	4.30095177097838	0.5755	0
Anbo_5	13	0.68875	15	0.84782690154531	0.96925	0.060660000269202	0.01425	0.443546559558505	0.30675	0.142292680278668	0.0085	-0.125049022822425	0.7665	-0.499059814472121	0.174	0.205368543403094	0.8085	13.5003001872086	0.797	2.24860359528508	0.02025	4.61007428887583	0.62575	4.47955473770241	0.68975	2.66666666666667
Anbo_2	10	0.40575	16	0.554025246916536	0.73025	0.477636149264618	0.82775	0.680107264690237	0.97225	0.883140867216113	0.992	-1.16775475558384	0.02125	-0.53663442502091	0.1155	-0.176844744367562	0.245	10.4706461174145	0.5025	3.80251752625942	0.59375	4.44972146201179	0.53225	4.29886824316346	0.574	2.66666666666667
Raca_4	4	0.03075	7	0.371204976083138	0.8585	0.235220688283964	0.154	0.626848084725846	0.6225	0.40549344084044	0.07225	-0.307770664187594	0.39475	-0.251478332562815	0.58975	0.198918951016324	0.74575	10.5972636610649	0.03775	3.07071250984638	0.16175	4.21903249287034	0.01675	4.12697860610619	0.03125	0
Rhma_8	11	0.35325	10	0.130984820037802	0.46825	0.322636911165101	0.67425	0.645876209553321	0.96625	0.616518505798096	0.76725	0.182834861135866	0.88275	0.0438375358619983	0.96575	0.208288565550202	0.69525	15.853510890806	0.27975	3.04777608680019	0.0255	4.87711751750859	0.2095	4.67033078803011	0.1585	0
Osse_2	24	0.949	16	0.934315064208521	0.9755	NA	NA	NA	NA	NA	NA	-0.833413712083092	0.16	-0.302973656582196	0.69475	-0.227203400804806	0.16925	11.7791496183481	0.85175	2.61653805245863	0.29775	4.66856642728942	0.82675	4.42862953938012	0.77125	0
Raca_4	19	0.997	9	0.376826338510954	0.86325	0.44017157102025	0.72225	0.643496755225889	0.69025	0.821784679971132	0.8935	0.194327664544736	0.8375	-0.208266371498894	0.669	0.456621113363603	0.9425	28.1247552778378	0.975	5.06524488599427	0.97825	5.67029499225954	0.988	5.39314342626013	0.99375	0
Anbo_4	8	0.14975	12	0.160178396204321	0.16525	0.288286349427248	0.50325	0.47570663742147	0.4115	0.417652986318587	0.3235	0.595072690124074	0.993	-0.450741262867762	0.23325	0.383378024816837	0.93675	8.2300738161509	0.1835	2.93080155615661	0.1115	4.1163133748774	0.1195	3.96059430935279	0.11025	8
Anbo_4	7	0.0855	15	0.358068146081239	0.56475	0.409549903913483	0.8315	0.683149986045252	0.97	0.786336720657563	0.9725	-0.0912786857527685	0.7815	-0.223856363094685	0.65875	-0.0700129700102637	0.4595	8.50875630836063	0.20625	2.91599294776738	0.108	4.02293887766003	0.0725	3.84490376382407	0.05725	9.33333333333333
Anbo_5	9	0.25	11	0.74953600190133	0.908	0.250390570611667	0.5025	0.455833865222739	0.34825	0.566569410072766	0.68775	-0.373753151004478	0.53575	-0.339784244661225	0.43825	0.0329660939866018	0.61225	10.609997662727	0.517	2.65874010432815	0.0595	4.35714160775128	0.32025	4.23417843729068	0.35375	3.66666666666667
Anbo_1	10	0.38475	9	0.479580575671891	0.469	0.323910773170213	0.74525	0.536782997201805	0.66025	0.598115545016217	0.7685	-0.14628627803619	0.74225	-0.256619683826273	0.60475	0.0784092609550424	0.70975	11.1186184305432	0.5325	3.59630563126245	0.4495	4.33052774673661	0.31925	4.16356286298858	0.30275	0
Osse_1	21	0.81875	6	0.742920254728247	0.3925	0.151139380214433	0.21325	0.620938202534527	0.44925	0.318979275242833	0.07125	-0.300257108554195	0.64475	-0.564975356536368	0.204	0.208768179428795	0.70375	7.75154356679553	0.58775	3.06982631407426	0.56525	4.54806716547266	0.6645	4.29090095077193	0.56	0
Osse_1	18	0.60725	7	0.701128944876926	0.31625	0.150204875486032	0.21025	0.624427334142871	0.46475	0.377693927395278	0.13625	-0.268052577147018	0.67025	-0.515957827271038	0.2785	0.218153895643295	0.7175	6.92507534145478	0.489	2.78756817791092	0.3965	4.43176490612227	0.5255	4.214983312749	0.46625	0
Rapi_3	12	0.467	12	0.6848023924269	0.92825	0.269153237998921	0.45425	0.51536334286815	0.34025	0.499610455095377	0.3905	-0.231265506361259	0.408	-0.526414472648532	0.184	0.125591396019235	0.33925	9.82830658373234	0.419	3.90339375802311	0.7615	4.12027257385948	0.22525	4.10347727055974	0.28325	0
Osse_3	18	0.62725	7	0.809473325235901	0.5755	0.220048148050205	0.39825	0.50302787446693	0.0935	0.368725047006229	0.1115	-0.418019045269744	0.55275	-0.458813541966663	0.39075	0.407083732451298	0.91325	3.96715837737479	0.08825	2.13670736337954	0.09725	4.14216283308067	0.2225	4.04990356238955	0.251	0
Rhma_8	7	0.049	14	0.24175241898312	0.738	0.188521437851935	0.241	0.508493010767409	0.65375	0.393604809191011	0.26575	-0.0467100481376403	0.73725	-0.342635395326841	0.427	-0.0822425403892913	0.29775	14.3438551447364	0.1695	3.69909382350027	0.1635	4.83226958927489	0.173	4.62147554827976	0.118	0
Anbo_1	10	0.38475	10	0.828971087836289	0.9555	0.405676671109132	0.90025	0.535171095989449	0.65325	0.59876153643472	0.76975	-0.330325361064048	0.573	-0.273506278848718	0.57175	0.178043740279381	0.82	10.0280117049791	0.40425	2.60654297058673	0.05325	4.43231635428923	0.44075	4.25998379177998	0.4275	0
Anbo_5	7	0.10025	10	0.690077028671041	0.8475	0.182076212515011	0.271	0.498783049047737	0.51925	0.360496754007128	0.2275	-0.51735988720389	0.39025	-0.379247751456629	0.35875	0.115369941243918	0.716	9.01121167997109	0.3465	3.34773065783601	0.3195	3.90828049878644	0.032	3.82466572052213	0.03225	0
Osse_1	17	0.509	12	0.294266718609735	0.00875	0.280156644920573	0.63325	0.622319223294654	0.4555	0.692000383205886	0.79225	-0.438451285149006	0.51675	-0.409830811553508	0.48225	-0.0379433073118996	0.36575	12.5570348247501	0.93875	1.96360539315236	0.068	4.69527909558502	0.818	4.54295232056302	0.83775	0
Anbo_1	12	0.59975	6	0.598452612257794	0.677	0.0995919439142649	0.06875	0.481145145107649	0.43825	0.242903411387708	0.06875	-1.10938790361861	0.03875	-0.325377786025714	0.4605	-0.454198843854189	0.07475	6.38084812405545	0.06575	3.42340776632937	0.356	3.87433205083914	0.0285	3.80847528588058	0.04475	0
Raca_2	8	0.353	13	0.248742030072425	0.734	NA	NA	NA	NA	NA	NA	0.43913417336206	0.933	-0.402117845129301	0.2935	0.16673357959257	0.68175	15.7601141333634	0.3375	1.82776870638608	0.00275	4.94745120823736	0.548	4.63479746843981	0.457	0
Rhma_8	11	0.35325	11	0.0581831820583287	0.23575	0.206571536689802	0.2995	0.571502275296033	0.8475	0.432589131795816	0.348	0.0112803651502546	0.78375	-0.409129992079437	0.29875	0.00347949653045429	0.40825	15.3443062391686	0.23675	3.82712230843007	0.218	4.90653556377376	0.23525	4.73345059731953	0.22325	0
Rhma_2	11	0.3625	8	0.440684048337376	0.921	0.179389161893123	0.1825	0.477820500627814	0.55725	0.531211700012233	0.5485	0.250768691945229	0.8875	-0.0119249077647766	0.931	0.459570977962773	0.921	15.0739894644808	0.25725	4.22355861081635	0.521	4.92644898775549	0.32775	4.76017549765232	0.32825	0
Osse_4	19	0.72125	13	0.833251506806658	0.6955	0.135095210350214	0.113	0.614090107868888	0.41275	0.396292696665092	0.1365	-0.852052164615814	0.14375	-0.497792257439206	0.29925	0.293309324849037	0.82	0.538962369382313	0	1.11114998659511	0.0025	3.97942750480211	0.131	3.64972650004746	0.042	0
Osse_3	15	0.3345	12	0.278451333490635	0.00825	0.304232230737929	0.66975	0.650001229616465	0.56525	0.604298507605774	0.57075	-0.576416178163007	0.39575	-0.631188120025759	0.126	-0.0741854748018473	0.347	5.32873673523106	0.223	3.10873178960452	0.57625	4.16042572695594	0.23975	4.02792500994333	0.225	0
Osse_4	15	0.36075	7	0.596323206577357	0.23475	0.182438428303644	0.23575	0.552169511056229	0.1965	0.439427647231734	0.194	-0.180780365886323	0.71875	-0.38955710979325	0.517	0.325203991847782	0.8475	5.41604055973678	0.18925	2.91797104834054	0.46925	4.14833634922855	0.2785	3.98365417684835	0.27475	0.666666666666667
Osse_4	17	0.5555	12	0.788851936555315	0.5985	0.136030194636127	0.11475	0.535023588893833	0.15575	0.388412587376639	0.12725	-0.139268874731772	0.75225	-0.458360727771168	0.37825	0.311470628370232	0.8355	6.41661639392306	0.3005	2.38326218458731	0.197	4.20520155610215	0.34425	4.06916796847738	0.38125	0
Rhma_9	11	0.3975	16	0.226526808345019	0.7635	NA	NA	NA	NA	NA	NA	-0.0265537974522031	0.7415	-0.233379977617618	0.65425	0.277666878253346	0.76725	15.8934157875216	0.30075	2.98075461762485	0.02725	4.89981921631281	0.23075	4.74093525407238	0.233	0
Anbo_2	13	0.73925	11	0.465969951722637	0.574	0.481788208921822	0.83525	0.620111569350138	0.88875	0.590132147027797	0.57925	0.032778462264187	0.83725	0.109566874842089	0.9835	0.75348163485433	0.99725	17.408024236505	0.95925	4.83005188900932	0.9655	4.74838955366661	0.84225	4.70796278937633	0.93925	3
Anbo_1	11	0.491	12	0.605180632997362	0.687	0.341383134076599	0.79225	0.538701735808425	0.6665	0.459497490981105	0.4565	-0.479721396036023	0.42875	-0.415553151165972	0.286	0.237991322383166	0.87175	8.6160909642709	0.2375	2.95853612046536	0.1415	4.31825471854101	0.3075	4.15944516809796	0.29775	0
Osse_3	15	0.3345	8	0.345237592820576	0.0185	0.263026460695874	0.54075	0.534781646811066	0.16125	0.72548836426994	0.8225	-0.29658731259649	0.664	-0.455857151602824	0.3965	0.267371477996452	0.80325	3.79093603742404	0.075	1.94002980995748	0.06025	4.12139767122023	0.2045	3.89786065427788	0.116	0
Rhma_2	8	0.10225	13	0.106543716315602	0.31725	0.429104778278316	0.8605	0.495649838655393	0.627	0.64828271260488	0.79675	0.0106495368817242	0.735	-0.334068802669645	0.43325	-0.262931125471467	0.10175	15.3605002033138	0.28025	4.50801981446031	0.67825	4.9732399955534	0.389	4.81703410524371	0.39775	0
Osse_6	22	0.8735	6	0.704876556908699	0.431	0.240914616390948	0.5495	0.596623236362492	0.3605	0.465498733950331	0.317	-0.614374045693126	0.379	-0.45402639848443	0.38125	0.123926217493386	0.6585	12.0593291023875	0.78875	3.45466523362186	0.71275	4.71575941225066	0.84625	4.41915528629561	0.75725	0
Raca_2	8	0.353	6	0.645152847245993	0.9955	0.356475316304963	0.42575	0.571824949278729	0.3975	0.786799743207462	0.84	0.0880732984918557	0.73	0.171694982277022	0.9925	0.252089713711146	0.79075	8.1724775089985	0.0055	2.67289187890947	0.06175	4.14303279822602	0.00725	4.09227107197272	0.0245	0
Rhma_9	6	0.031	8	0.159784199097978	0.62025	0.32909048492181	0.652	0.575631182232491	0.87275	0.509346085523503	0.44825	-0.050303097203682	0.7235	-0.153474678777876	0.793	0.265114744868535	0.753	15.9615351997808	0.306	2.4978720498751	0.0035	4.82223699343481	0.16675	4.60317174884266	0.1185	0
Osse_2	17	0.52275	8	0.546572151226886	0.353	0.436675216289139	0.8695	0.699179769636693	0.75525	0.83923408461078	0.9445	-0.410141722982573	0.51225	-0.44204074322824	0.40625	-0.371404738582086	0.0725	13.293913180444	0.92075	3.53316566149843	0.78725	4.6450365162986	0.808	4.46964697783356	0.811	0
Osse_5	19	0.744	8	0.516237708020407	0.124	0.240715031423903	0.557	0.765265844800008	0.92075	0.61774355192831	0.65975	-0.23846335696762	0.70275	-0.390678754442695	0.5105	0.183109030908817	0.69525	4.38500236880404	0.10475	3.02975089557367	0.54275	4.09104723097977	0.21125	4.01881326469555	0.27075	0
Anbo_6	9	0.213	16	0.0404074330372342	0.002	0.175645893057827	0.34525	0.556812188254181	0.7455	0.41349128386913	0.42125	-1.24547254757369	0.01425	-0.310045516895474	0.485	-0.127100848404846	0.3695	8.21652582359454	0.24925	3.44373323125728	0.39275	4.11836432605735	0.16625	3.91490934027625	0.13975	0
Anbo_5	14	0.77325	6	0.583303715964342	0.6885	0.247379608546741	0.49425	0.441602696911123	0.30025	0.463640740349902	0.46225	-1.27466086746876	0.01875	-0.480173698313276	0.20025	-0.822808966879394	0.003	9.25389326047545	0.3705	3.30789079739968	0.29625	4.17004629498818	0.14425	4.08472866250874	0.1805	0
Raca_1	6	0.1925	7	0.074117132139017	0.15775	0.359503547913518	0.51625	0.575077038621614	0.4075	0.571565791062473	0.2985	-0.309820412837243	0.41625	-0.0932266193327054	0.84625	0.340111685859675	0.8625	23.6188738064149	0.901	4.67702994715153	0.9305	5.26261911349681	0.823	5.00369035169969	0.845	0
Raca_3	8	0.37475	10	0.606952737852456	0.98925	0.262276763734961	0.226	0.609856702048492	0.55425	0.673406203820271	0.63625	-0.157033562625298	0.53225	-0.0232887602066491	0.9195	0.195198566074992	0.73375	5.84629588296418	0	3.31668354348408	0.242	3.85976555264546	5e-04	3.73912758273181	0.00025	0
Raca_5	9	0.47825	7	0.0631808669835373	0.15075	0.352230449312806	0.454	0.76425847342198	0.9705	0.716861038408936	0.6895	-0.0943499431842137	0.622	-0.217274287546053	0.65675	0.0277321510564085	0.50275	11.9779792063649	0.0805	4.04366317211043	0.65375	4.60941196356046	0.13575	4.41092235644737	0.1365	0.333333333333333
Anbo_2	11	0.522	15	0.661080763421356	0.86425	0.131612968110764	0.02725	0.468429327662975	0.3775	0.228278558759967	0.0175	-0.631528674153425	0.243	-0.137103069696431	0.8055	0.192071276789001	0.73225	9.30623401210063	0.3625	2.77901271025861	0.09575	4.47855730771733	0.56825	4.12115714045223	0.336	7.66666666666667
Anbo_4	12	0.57325	7	0.277590737230015	0.3865	0.306223754035242	0.55625	0.575701981502752	0.79425	0.62840130769339	0.79625	-0.0142794463204223	0.82875	-0.464645846982149	0.21275	0.600602099183502	0.99075	12.0135643091214	0.583	4.28876366853673	0.80475	4.65581354479472	0.6755	4.45915005946602	0.695	0
Rapi_3	12	0.467	6	0.410766637464838	0.56725	0.139731855996468	0.08975	0.567452530955016	0.5345	0.238976841117859	0.02525	-0.342656153804246	0.30675	-0.312988700856717	0.5695	0.495770465241517	0.8225	11.0885972557812	0.5635	2.7049408756763	0.13325	4.35379284928199	0.47675	4.17029536550142	0.37225	0
Osse_1	23	0.913	8	0.623550613721548	0.19875	0.218498636987799	0.4265	0.602261281573182	0.3745	0.586901565187374	0.553	-0.786133139125573	0.2115	-0.51148304314037	0.28625	-0.19349109970685	0.181	10.203861562264	0.82075	4.19263521440253	0.97375	4.7936161510764	0.88375	4.59100783483783	0.8745	0
Anbo_2	10	0.40575	12	0.761789465077985	0.95375	0.437089018458585	0.74025	0.669054783065436	0.96525	0.667038622896458	0.7425	-0.0840996515717167	0.75725	-0.289325734536517	0.524	0.67850367229292	0.9915	8.2666875606509	0.24525	2.4343669065434	0.0355	4.19689386153674	0.25075	3.99981502250607	0.203	4.33333333333333
Osse_2	21	0.8345	13	0.708913602148628	0.6505	0.661654818344752	0.9955	0.843192154933179	0.99425	0.916950661059518	0.994	-0.712944683745264	0.242	-0.729210787158852	0.044	0.00240057561139373	0.45425	9.31106257605231	0.65525	2.33008420360352	0.17175	4.43562013641994	0.59325	4.33549357330978	0.6755	0
Anbo_6	11	0.425	12	0.845968553854756	0.9755	0.212100652215271	0.47475	0.576204774150172	0.80875	0.354462053840115	0.2855	-0.17494905205569	0.69675	-0.282050575100748	0.5435	0.465400777218141	0.9715	8.2807918670109	0.25625	1.89215833039917	0.005	4.29136581832468	0.32675	4.0916225717592	0.319	0.666666666666667
Rhma_2	7	0.0585	11	0.256404493864105	0.68425	0.122641057082733	0.07075	0.35865518784202	0.141	0.246004778050107	0.04875	0.0283393079778288	0.7525	-0.0910666454920357	0.86	0.600548132919281	0.96975	14.9181518976086	0.24475	3.59495653867568	0.17725	4.79491384148022	0.20275	4.72463996763737	0.28675	0
Anbo_3	16	0.91875	14	0.271723369673562	0.4465	0.386202438195285	0.6865	0.441045719861356	0.2815	0.641786403477306	0.7525	-0.66885688949665	0.198	-0.329572794402532	0.46075	-0.149722852158207	0.29125	14.1449492966027	0.79375	4.8639385575162	0.96075	4.93028642681762	0.93825	4.6313774997488	0.9015	0
Osse_4	18	0.64175	6	0.63944525491947	0.30175	0.224586008171002	0.36875	0.624706557281912	0.4535	0.424481762445651	0.17375	-0.139378447627745	0.752	-0.67171880560352	0.08525	0.200453125604846	0.72325	5.62280227968553	0.21375	3.22570032309103	0.65025	4.09534080679833	0.22475	3.99970393621271	0.2945	0
Raca_3	4	0.03275	7	0.470153345220147	0.9515	NA	NA	NA	NA	NA	NA	-0.194155452892309	0.49825	-0.272116482800662	0.549	0.131048592629955	0.6545	11.0536130263549	0.04975	2.88492213376951	0.0885	4.33286763551914	0.0385	4.25301932700156	0.06425	0
Raca_5	7	0.23675	6	0.208826970470933	0.525	NA	NA	NA	NA	NA	NA	-0.497357586112431	0.24825	0.194040469485689	0.9945	0.116867602043741	0.6305	32.0599965673905	0.9965	4.50540165232937	0.86125	5.48583929030284	0.95025	5.31328534215351	0.977	0
Anbo_4	9	0.238	8	0.188977964265004	0.21225	0.330729010976072	0.63225	0.535281277426408	0.654	0.542076294104688	0.60825	0.599707120551622	0.99325	-0.418485359908211	0.29025	0.462866402836599	0.96825	13.8494672650773	0.748	3.69995476669787	0.4775	4.51528387874364	0.5175	4.40182872175012	0.61	2.33333333333333
Osse_3	15	0.3345	16	0.458449489894247	0.06475	NA	NA	NA	NA	NA	NA	-0.990269909980077	0.1	-0.703678976333525	0.06675	-0.306449123932767	0.10375	7.96386223937808	0.56525	2.63729314735757	0.299	4.30883103719758	0.40425	4.16626527491263	0.3885	0
Anbo_6	10	0.3125	8	0.812008290008676	0.9545	0.121245295769882	0.15925	0.535386565350407	0.6725	0.278151551118086	0.1375	-0.272735863892858	0.6105	0.422792450029737	1	0.215567707495424	0.82475	8.52174927466727	0.28325	2.24799092113921	0.02075	4.68123530589074	0.76575	3.64329878192732	0.0255	0
Anbo_3	7	0.1045	8	0.73552053636285	0.9805	0.267877724152906	0.3325	0.476584565790261	0.4265	0.557451818175352	0.56825	-0.220737833867072	0.6025	-0.420701812249899	0.2785	0.113440460966834	0.65825	10.0133512153673	0.4025	2.71360506478363	0.0735	4.46735294418457	0.54675	4.2518885744592	0.491	0
Anbo_3	7	0.1045	10	0.712055097984846	0.9755	0.131218742993146	0.04175	0.741978211948474	0.9955	0.311374633358661	0.0935	-0.289084419217045	0.53975	0.333739413753244	0.9995	0.140767533788977	0.69375	5.32951257317909	0.02675	3.39695285930473	0.334	3.35396976308071	0.00075	3.3363129526082	5e-04	3.66666666666667
Osse_4	18	0.64175	10	0.897556994111345	0.836	0.128927572987133	0.09975	0.572493892274584	0.257	0.265595992572572	0.023	-0.652495282708257	0.28525	-0.53995113802757	0.22975	0.34847655594374	0.86475	7.54395210615455	0.44875	1.92757372711309	0.06325	4.39057059920521	0.565	4.18667957856993	0.54475	0
Osse_4	18	0.64175	9	0.903406308203864	0.848	0.242960109135879	0.43125	0.502412643720563	0.09325	0.489229767262299	0.28925	-0.244118922844288	0.66475	-0.525830204472255	0.253	0.45429852643862	0.93025	4.99240592193529	0.1485	1.82365768087874	0.045	4.63857242475838	0.82325	4.0363528876004	0.34025	1.33333333333333
Anbo_5	6	0.0495	7	0.537200828494702	0.607	0.266913884638849	0.5635	0.534036468216519	0.648	0.459067537880683	0.451	-0.157965919865222	0.74025	-0.461141071487493	0.228	-0.180900587242808	0.30375	8.50027590304336	0.29	2.63971689465495	0.0565	3.86933442444256	0.0225	3.78953337631627	0.02625	0
Osse_5	17	0.56775	13	0.692275356876516	0.3815	0.254738547995051	0.598	0.654226706125366	0.56325	0.547808198193581	0.504	-0.839714875685126	0.17975	-0.5629575639974	0.2045	-0.0336537220698521	0.39325	5.80731653804031	0.252	3.02488191569054	0.539	4.24609527868047	0.3635	4.10304762933326	0.36475	0
Osse_4	17	0.5555	14	0.866428633657658	0.77025	0.0582695328349713	0.0115	0.503111033670624	0.09425	0.167517882441974	0.003	-0.655424650643933	0.28075	-0.425555106185738	0.4415	0.211747300491026	0.73575	1.44625805151157	0.0015	1.10393368750016	0.0025	3.85498913350034	0.069	3.66305559041597	0.04575	0
Anbo_2	12	0.6385	14	0.66019558871853	0.86325	0.344532306688562	0.4885	0.638377038170561	0.92275	0.398285386547628	0.1645	-0.202358231717519	0.65225	-0.17908290537946	0.7465	0.430519172475198	0.934	8.44922747347272	0.26325	1.96923241955612	0.0055	4.22452078229846	0.2785	3.92786753215331	0.14025	4
Osse_3	16	0.43275	10	0.416979868257497	0.043	0.201979742930324	0.33675	0.647746912365643	0.55875	0.513021071466915	0.35425	-0.19712591137504	0.752	-0.583714411267174	0.18	0.115223046545218	0.6245	5.10358224958255	0.1935	2.82408460168217	0.40525	4.02781759013572	0.13525	3.99252356412897	0.18975	0
Osse_3	13	0.1715	9	0.293867856375326	0.0105	0.208485985102179	0.35825	0.564786302406556	0.247	0.543969705169328	0.42325	-0.269182670881795	0.688	-0.607600712246063	0.15275	0.0335381785945469	0.50425	5.87776096359329	0.28975	2.48327919195219	0.22175	4.24974663565419	0.33775	4.0363528876004	0.23225	0
Anbo_6	9	0.213	6	0.781202982201192	0.9345	0.104070970122244	0.111	0.581321023149989	0.82025	0.269928319103692	0.1245	-0.296753497962053	0.58525	-0.0967428341923478	0.8615	-0.0186100276763838	0.52725	6.92899485307545	0.1355	2.22225290329851	0.0185	3.77254935652919	0.021	3.63520356460655	0.0235	0
Osse_2	18	0.6155	7	0.853749420971891	0.89525	0.340719772237503	0.6705	0.63255566030739	0.49175	0.576623961550778	0.438	-0.362531797035116	0.55925	-0.463378741234352	0.365	0.392195666515471	0.8985	9.88127322602479	0.7105	2.14478299464561	0.11025	4.38396529978175	0.531	4.33758563484133	0.67775	0
Anbo_4	8	0.14975	13	0.457308093549976	0.73925	0.450435921332249	0.89225	0.432749134564773	0.2485	0.544363149362032	0.6145	-0.234480090719159	0.66675	-0.406653046870685	0.30725	0.088413438216132	0.67875	8.36760925974681	0.19475	3.38866537030564	0.307	4.10092445693444	0.111	3.85928140235535	0.06175	0
Rhma_2	8	0.10225	12	0.377712608756671	0.86725	0.244584356128368	0.374	0.491335662269533	0.60975	0.370116739029981	0.2015	0.36393906508152	0.934	0.0168025554358613	0.949	0.506068262101228	0.94075	17.0829449193612	0.43525	3.02192227814215	0.04025	5.15580977197215	0.61375	4.81728390988689	0.398	0
Anbo_1	14	0.796	16	0.504099287213054	0.5135	NA	NA	NA	NA	NA	NA	-0.611027927731164	0.30125	-0.460264981558516	0.21925	0.154621573932899	0.79875	15.0546034290645	0.8505	3.99739985618152	0.68475	4.88604455847986	0.89725	4.56457140889646	0.80575	0
Raca_6	9	0.42525	11	0.269745768429352	0.714	0.310118235790526	0.51575	0.666458145570132	0.75875	0.728323196078111	0.81775	-0.0651602561410262	0.59975	-0.398047942234531	0.31025	0.192236886576104	0.715	10.2046779732306	0.027	3.17805284434738	0.168	4.2191829209551	0.00725	4.14055785616524	0.0225	0
Anbo_4	13	0.68925	6	0.433668774927471	0.70325	0.286777804554014	0.49975	0.494067519320869	0.48625	0.57091661318146	0.67825	-0.363666234811267	0.547	-0.324245717242879	0.46425	-0.0157286836861471	0.5325	12.6456887260855	0.6415	4.00087520282328	0.657	4.59922792971366	0.613	4.46693690845264	0.706	0
Osse_4	20	0.79025	11	0.869448037672877	0.77525	0.127086105573908	0.09625	0.584157337344947	0.29275	0.290701139403067	0.0335	-0.463222753492148	0.45525	-0.481524018983448	0.32975	0.286999372747703	0.81275	7.1901250851138	0.403	2.01642827420838	0.08125	4.38174566029588	0.555	4.14285025509849	0.4805	0
Raca_3	11	0.7325	12	0.386897092085927	0.89875	0.565315619525316	0.93625	0.558413114032	0.352	0.789201002238576	0.87025	-0.181424026177863	0.50975	-0.222800293235284	0.6455	-0.140698541126235	0.26325	10.492244552057	0.035	4.11910226412788	0.6955	4.37048597790905	0.04575	4.24880261189999	0.063	0
Anbo_6	11	0.425	14	0.0513930941349192	0.0035	0.209756759879459	0.46775	0.524788640557478	0.6325	0.482005873249563	0.58275	-0.633115072766415	0.25825	-0.318352171906527	0.46675	0.0542444638830995	0.62775	8.45476131304272	0.27375	2.5721701786951	0.059	4.46341269058081	0.52075	3.90681412295548	0.13425	0
Raca_1	5	0.10875	6	0.142240096550546	0.32625	0.440880270384015	0.731	0.52101989072883	0.21975	0.669619745580709	0.52475	0.306785178553822	0.90175	-0.3710910985574	0.34175	0.107061969536025	0.5885	14.1073353498085	0.21575	3.70400619421192	0.50325	4.7959587652991	0.32475	4.49773618008089	0.23225	1.33333333333333
Rhma_9	11	0.3975	11	0.127358771714813	0.5305	0.211296321505149	0.291	0.584234079806309	0.88775	0.390361609946467	0.208	-0.140696410436031	0.64975	-0.287143481976016	0.545	-0.134647766711812	0.2215	15.8717354662586	0.2995	3.7803028770142	0.21525	4.92843289444322	0.2555	4.83353405587651	0.34625	0
Anbo_3	11	0.51675	7	0.339283248918322	0.57525	0.201997516802065	0.15675	0.573089766332613	0.78125	0.51514505576441	0.473	-0.809570115057781	0.11325	-0.401500351416261	0.31125	-0.0956938615151752	0.3615	10.9481964624314	0.5085	4.05837928872781	0.71375	4.33797843417225	0.396	4.27682850267207	0.525	6.33333333333333
Raca_1	7	0.30925	12	0.228149218955362	0.53175	0.401867706389299	0.62825	0.796595697512586	0.99175	0.669835790715161	0.52575	-0.15183096169004	0.56475	-0.0429294838284208	0.8985	-0.0500544517048098	0.364	20.422410051169	0.74275	3.44418582758818	0.353	5.08647983377062	0.66375	4.82962060748601	0.66075	0
Raca_2	9	0.4785	10	0.448390541022183	0.94025	0.445553187884232	0.68025	0.687132724941674	0.82725	0.80615955394922	0.873	-0.0425182343843216	0.6205	-0.249164823409963	0.59775	0.277559533350373	0.81625	7.46191657859417	0.00325	3.8582223234732	0.58775	4.00818555776373	0.00275	3.94942299156817	0.0055	0
Raca_2	6	0.1355	9	0.31716534266678	0.835	NA	NA	NA	NA	NA	NA	-0.386262258179311	0.3015	-0.394425584556367	0.308	-0.067721243584668	0.3595	16.1397015314498	0.37175	2.79787925558245	0.08825	4.85256247886138	0.44425	4.61858085421467	0.43625	0
Anbo_1	11	0.491	7	0.680935984367078	0.80075	0.156731650559464	0.20925	0.592567821187883	0.8325	0.308529757579159	0.14925	-0.239293271647743	0.66775	-0.1668852275871	0.7565	0.194890225885475	0.83625	12.2375560877414	0.64625	2.74120891715536	0.0785	4.66664575312408	0.714	4.39778111308973	0.61625	3
Anbo_3	11	0.51675	9	0.8681239464873	0.99825	0.354122542155021	0.599	0.411892151938779	0.1925	0.54854705991499	0.5475	-0.294844398573997	0.53475	-0.535115261351112	0.1185	-0.137298964542776	0.30625	9.75752185473318	0.376	2.71284968496743	0.07325	4.49104158571917	0.57575	4.16356286298858	0.37375	7
Osse_6	19	0.6875	14	0.907430454153124	0.88	0.172109360297446	0.3135	0.574605259791821	0.2825	0.323082936171038	0.0935	-0.733374960819354	0.27425	-0.6181715746032	0.1315	0.140631243845258	0.6795	4.27399090105957	0.0385	1.6720401085086	0.0215	4.37789425266666	0.50975	4.17388121418196	0.436	0
Anbo_4	7	0.0855	11	0.233815725648928	0.30075	0.464479523311215	0.911	0.525278071377095	0.61625	0.612939367212316	0.768	0.317357318564852	0.95775	-0.220999878856245	0.66475	0.629127797920471	0.99275	6.260181560485	0.05075	3.63101671485618	0.4395	3.64746512524012	0.00375	3.62804263372037	0.0115	3.66666666666667
Raca_4	10	0.61775	13	0.36948084213828	0.85675	0.369730366203611	0.517	0.587443429956615	0.45775	0.679703789125708	0.578	-0.794109368507219	0.07	-0.43017459186743	0.2355	-0.239937494158751	0.1645	18.9191222007834	0.61975	3.52677656568177	0.37525	5.20469850247558	0.815	4.81150103292954	0.683	0
Anbo_4	8	0.14975	10	0.653178294390588	0.94075	0.286217779600056	0.496	0.542385719039578	0.6815	0.554507887209417	0.6425	-0.671077631597975	0.25175	-0.398827195078116	0.322	0.188950660657398	0.78475	7.24743864854909	0.10525	3.43610590472532	0.32825	3.92933390798427	0.0435	3.80167620229743	0.0415	0
Anbo_6	8	0.1325	11	0.774020811879135	0.92975	0.189761406888187	0.39625	0.393092787951141	0.1575	0.366581197747235	0.3125	-0.398599786269102	0.49125	-0.344746599428176	0.41225	0.197491426255777	0.80625	9.88938932211499	0.445	2.7469559592032	0.10125	4.25511493364166	0.288	4.08757496309881	0.31275	2.33333333333333
Anbo_3	9	0.27975	11	0.204498518989563	0.29575	0.29239220251026	0.411	0.669490908897933	0.963	0.793906547039325	0.9665	-0.459423146418527	0.37175	-0.453803741417081	0.22125	0.606894618444037	0.98275	10.743612361995	0.484	4.69454291466945	0.93275	4.44846970165648	0.523	4.37525703555059	0.65575	0
Osse_1	22	0.87125	14	0.674687879621821	0.2745	0.130665405050434	0.15175	0.522195806502825	0.1255	0.406910907278912	0.1775	-0.476708336014076	0.47725	-0.49487761718398	0.3195	-0.0830187323231947	0.30325	4.67192112253157	0.19475	2.68894359817025	0.34375	4.3637136008577	0.44625	4.11377729011226	0.329	0
Raca_6	7	0.18575	10	0.340174697868144	0.82475	0.364710435176214	0.667	0.718230294769755	0.90425	0.659958744863891	0.6825	-0.0937265949989957	0.575	-0.227363718735086	0.659	-0.147455659250533	0.2465	6.32282633083618	0.00025	3.83873031270942	0.52275	4.09087727360884	0.0025	3.76018099192964	0.00025	0
Osse_3	13	0.1715	13	0.220437615114932	0.004	0.271213188449569	0.5725	0.612607756285982	0.4095	0.54820512694597	0.434	-0.722133723418087	0.27	-0.702900306680715	0.06775	-0.0718698010698599	0.35075	6.72232428044031	0.402	3.39096025528896	0.7315	4.28982750111355	0.38325	4.20934228798288	0.443	0
Anbo_6	6	0.0345	7	0.645187419851962	0.789	0.0803325767195074	0.0595	0.342149047287281	0.06275	0.235698027346926	0.07625	-0.182814434420017	0.6915	-0.27067421513072	0.56875	0.204144960574529	0.81225	7.37784462051136	0.1705	2.77912460575344	0.10775	3.98227483562315	0.079	3.74190532732702	0.04625	1.66666666666667
Rhma_9	9	0.203	7	0.181939988554119	0.6775	0.257339475687531	0.43475	0.540261318443066	0.78375	0.509452864933689	0.4485	-0.7073766034184	0.14775	-0.126726799312884	0.83325	0.483376989959101	0.93125	17.9713639456282	0.47975	3.85340150430324	0.2485	5.0020857684116	0.33025	4.802272412231	0.30575	0
Raca_6	9	0.42525	9	0.253365790906316	0.68675	NA	NA	NA	NA	NA	NA	-0.11539510599914	0.558	-0.401854861681235	0.304	0.236252631599451	0.76225	17.4854088358698	0.5105	3.43164111511496	0.28275	4.95186833037341	0.4765	4.61858085421467	0.35375	0
Anbo_3	16	0.91875	13	0.457944659178435	0.77925	0.269149395183287	0.33575	0.43863310004529	0.275	0.725248458049426	0.90025	-0.963465852158366	0.05775	-0.232259788789307	0.66075	-0.282795645806234	0.15175	10.6677594644468	0.47325	4.46590770729583	0.8775	4.45132978785958	0.527	4.32928503160109	0.59525	0
Anbo_6	14	0.7475	15	0.115005993081017	0.021	0.242307893521575	0.5815	0.521567117629923	0.61925	0.598554543015508	0.81275	-0.396887823082617	0.49225	-0.49558675429538	0.165	-0.0994308798849032	0.409	12.4269160490586	0.7105	3.58003608142724	0.46625	4.5100479748087	0.57775	4.39144747019214	0.70725	0
Raca_6	2	0.00175	16	0.401110234592006	0.89175	NA	NA	NA	NA	NA	NA	-0.0561934915831068	0.609	-0.112156679882348	0.83925	-0.179361622143336	0.2115	11.9158921502627	0.08575	2.70166731825838	0.04725	4.50135555421827	0.07275	4.35496746278806	0.09175	0
Anbo_2	10	0.40575	13	0.816394935834205	0.979	0.105682756633946	0.0135	0.636455416128637	0.921	0.21365526579383	0.013	0.0264959675993355	0.83275	-0.0560798600428207	0.89675	0.620873712587244	0.98475	16.0800477698788	0.92075	2.3163598311198	0.0245	4.69179278837397	0.79725	4.50696620883854	0.81075	4.33333333333333
Anbo_6	10	0.3125	10	0.786759616004949	0.93875	0.209622271692008	0.46725	0.483050372418224	0.4575	0.409786756896135	0.41275	-0.335548498692756	0.55075	-0.170350116363791	0.75925	0.112798030588447	0.71075	9.49889211339909	0.3945	2.7203798961813	0.09475	4.16900676124969	0.21025	3.9917198051853	0.20775	1.33333333333333
Rhma_9	11	0.3975	14	0.287036407823046	0.852	0.29971479395154	0.5655	0.573946891403329	0.8695	0.414201927844948	0.24675	-0.152696192822931	0.63925	-0.299145837939158	0.51625	0.107336117801135	0.5535	18.2721603266164	0.50325	3.06864436481405	0.03425	5.12184482130632	0.48525	4.94526262537366	0.49375	0
Rhma_9	12	0.511	12	0.214456126827853	0.7425	0.208588059509814	0.28325	0.381963302468787	0.20575	0.360965519619531	0.15725	0.00767815438992209	0.768	-0.387418267645992	0.3435	0.307362583802188	0.79775	17.5683406016012	0.44475	3.86744974490399	0.25525	5.12704926673947	0.49025	4.85681474864352	0.3725	0
Rhma_8	10	0.2565	16	0.235645766561145	0.7275	NA	NA	NA	NA	NA	NA	-0.377739626199451	0.4125	-0.215867900210351	0.67325	-0.0794988730890908	0.30175	15.1939733033016	0.226	3.86450782431104	0.236	5.16393684183733	0.528	4.81628469131417	0.31375	0
Osse_2	20	0.775	10	0.704689051761461	0.63875	0.221449490344385	0.31225	0.612273468847772	0.40925	0.370982647180429	0.09	-0.295519888606006	0.62175	-0.370090423398275	0.5625	-0.128850848029593	0.2845	11.5504409921285	0.83725	3.49236356969373	0.7695	4.49930379934168	0.6615	4.42151916964733	0.76425	0
Rapi_3	11	0.34575	16	0.703822002446693	0.93925	NA	NA	NA	NA	NA	NA	0.286712582956751	0.8415	-0.373615584816224	0.44425	0.223217878965213	0.46775	4.50596119503979	0.02125	3.29552433410072	0.412	3.6654640819959	0.01575	3.31714862466779	0.00075	0
Raca_1	8	0.4335	14	0.465258773276532	0.8975	NA	NA	NA	NA	NA	NA	0.238154587062983	0.866	-0.00293127701022548	0.93	0.444649051615651	0.929	16.0835113586718	0.389	2.55108775958858	0.042	5.0120589094877	0.5835	4.6403625190272	0.402	0
Raca_5	9	0.47825	10	0.200937882239182	0.5085	0.371237569053254	0.5115	0.59955438397416	0.523	0.675898606662924	0.59875	-0.448577830948333	0.286	0.02757320946345	0.94775	-0.286599779162921	0.11825	17.5140219828462	0.50025	5.02684252815426	0.9665	4.7455970770349	0.271	4.6764717238038	0.42125	0
Rhma_9	10	0.28775	9	0.316778020798912	0.88325	0.399674103459097	0.82125	0.537830062801599	0.77725	0.538874745665861	0.517	-0.575855291612566	0.23525	-0.181824437852865	0.74825	0.2709196332974	0.76025	19.8079763713634	0.6315	3.29697683913392	0.066	5.24281557199552	0.6315	4.90302653664982	0.437	0
Anbo_3	9	0.27975	6	0.710533514454174	0.97525	NA	NA	NA	NA	NA	NA	-0.693036087902929	0.1825	-0.571467786515596	0.08275	-0.242020480845768	0.18675	10.0190116216555	0.404	3.24177898595762	0.25325	4.26067018660143	0.31225	4.15142003700741	0.36125	0
Rhma_9	12	0.511	13	0.539319589056278	0.98725	0.36401103269437	0.743	0.537563494085199	0.77675	0.511308700589558	0.4535	0.151536364022555	0.85475	0.161704285643301	0.9915	0.236198823287291	0.723	19.0131808867938	0.566	2.41593724958142	0.00225	5.0791094314631	0.43125	4.90940742537472	0.4475	0
Osse_5	19	0.744	12	0.734133626181141	0.46575	0.257621184267428	0.60725	0.692974153543638	0.71675	0.547000671089614	0.50325	-0.690115358789809	0.2885	-0.548157039920781	0.22675	-0.120289412751851	0.277	11.1135329130211	0.8245	3.44255948615799	0.7725	4.4348044820945	0.585	4.33386052270446	0.67275	0
Raca_4	10	0.61775	6	0.599619971964816	0.98675	0.456888918050679	0.75725	0.57043429778694	0.40225	0.699412238436361	0.63	-0.166297176865387	0.52675	-0.234552711977271	0.62125	0.165833935979487	0.6985	13.2259131723185	0.15625	2.59298862110053	0.043	4.79829171086647	0.35725	4.54850850545431	0.3455	0
Raca_6	13	0.85275	7	0.203606620800418	0.58225	0.274435549506154	0.403	0.645869905302981	0.68825	0.562715840105904	0.44075	-0.511299855445241	0.20475	-0.213006683506249	0.685	0.00764218431244645	0.448	10.8912786962149	0.044	4.86337314474195	0.941	4.43219734413465	0.047	4.38819410536981	0.111	0
Raca_4	12	0.81725	12	0.109327754396657	0.34475	0.140467093607299	0.01875	0.514140218439021	0.2065	0.446113784887905	0.1105	-0.126249786983266	0.56825	-0.329370455001946	0.42225	-0.0705972716201025	0.35175	22.288028570187	0.8455	4.41741768737154	0.84325	5.28513091988991	0.87225	4.98476978964286	0.86675	0
Osse_2	19	0.6965	9	0.643660431903241	0.52825	0.382584411589401	0.771	0.656922236471269	0.5895	0.691745547102048	0.70625	-0.797013283401835	0.18075	-0.496662709821022	0.30225	-0.16133387738647	0.2405	10.0333579594133	0.72525	3.04829607111693	0.53725	4.57448123084813	0.7445	4.35912627986345	0.70325	0
Anbo_5	10	0.35175	12	0.414266988055363	0.3855	0.33443399186904	0.76875	0.366227780131023	0.09825	0.611140677470722	0.778	-0.354399618009086	0.557	-0.496854493554347	0.1765	-0.273395346996705	0.20125	11.8434216758129	0.6485	4.59506799174052	0.92225	4.30676033911528	0.267	4.26807900910075	0.39625	3
Osse_6	20	0.763	11	0.828036135383467	0.7075	0.152278954657131	0.237	0.591039799298098	0.3395	0.35325181261087	0.12975	-0.425862659659083	0.56575	-0.385464428685831	0.522	0.256302219167029	0.80725	6.1222301854838	0.157	2.73112655239683	0.2945	4.40632986592642	0.545	4.19070627627613	0.46175	0
Osse_2	21	0.8345	11	0.776368704465791	0.7725	0.153154160080229	0.1375	0.669855706166382	0.63575	0.450892937799843	0.192	-0.388630573521848	0.5335	-0.631962176416997	0.11775	-0.1846754783364	0.21225	11.1574044533838	0.8075	3.30337068823547	0.67975	4.7124872222081	0.864	4.49461118423479	0.83475	0
Rhma_9	10	0.28775	10	0.242628625715437	0.79425	0.287948022168757	0.52825	0.636454209988118	0.9555	0.411565544669808	0.2445	-0.0528092949518994	0.72225	0.199947166327201	0.996	0.238249824207291	0.7245	20.320602401376	0.66875	2.59619538386957	0.00525	5.45830728483106	0.84875	4.85731435792988	0.37325	0
Raca_5	12	0.80575	12	0.326822299495016	0.755	0.393870875058259	0.577	0.524923040803411	0.2475	0.729090133417346	0.72225	-0.111005550166859	0.6065	-0.380667089873668	0.329	-0.316448137489834	0.0975	17.884475506577	0.5315	3.94968748600323	0.6065	4.98163740809934	0.54175	4.85720856400484	0.66975	0
Raca_3	12	0.8245	13	0.483107736526098	0.956	0.208800231565549	0.11025	0.597768100970327	0.505	0.674449083479595	0.64025	-0.436465323917593	0.28125	-0.390394611604905	0.31225	-0.132171891119862	0.27325	16.3501817889454	0.42225	3.18100324140468	0.17775	4.96942367561951	0.55475	4.68398771263058	0.4685	1
Rhma_8	11	0.35325	13	0.224985335082996	0.71	0.219496509665392	0.3365	0.48422044168372	0.56975	0.537944051327924	0.59075	-0.571678231434708	0.2545	-0.391197570760987	0.335	-0.353506222960694	0.07225	17.8650345206338	0.45525	4.39427991057025	0.529	5.01006002606992	0.34575	4.87955446222504	0.397	0
Osse_5	14	0.28825	14	0.774764322748358	0.5525	0.225792208799118	0.50075	0.673915535893376	0.64725	0.595515178023835	0.61225	-1.14895656484341	0.05	-0.568730316464375	0.19525	-0.0571519444402855	0.35675	0.01	0	2.65575710566091	0.327	3.56056552508343	0.008	3.49726333557323	0.00725	0
Osse_3	17	0.5275	6	0.956447267809239	0.9255	0.129896430083151	0.11975	0.579066723525966	0.2915	0.259970562936921	0.024	0.224067581285522	0.95325	-0.523154586296772	0.274	0.588998754868806	0.978	6.95192810813553	0.43475	0.568165095027025	0	4.49665627047345	0.61925	4.13147321384383	0.34075	0
Raca_6	10	0.551	13	0.569653616740192	0.97875	0.345105135489028	0.612	0.551151224474565	0.31375	0.774742828163303	0.8925	-0.585161974051891	0.159	-0.207882838189379	0.69225	-0.261700107734432	0.13275	12.0888253224034	0.0945	2.02974430571574	0.003	4.94270060547876	0.4645	4.46084416131637	0.171	0
Anbo_1	12	0.59975	14	0.544966959665336	0.58975	0.101087074570501	0.07125	0.456158487841131	0.34425	0.24658624100966	0.07075	-0.267519685412512	0.63975	-0.485557828767781	0.18225	0.35561146214766	0.94025	7.18417141229272	0.11425	2.70891067300595	0.0705	3.98588079491428	0.0625	3.90681412295548	0.081	0
Rhma_8	11	0.35325	7	0.140582984522036	0.4975	0.473296955040504	0.94125	0.463205514647813	0.487	0.644489427549174	0.819	-0.067003025532861	0.72075	-0.351901108590295	0.40775	0.298117957517531	0.8055	19.7423880309282	0.60325	5.57372006604112	0.966	5.19175289078541	0.5585	5.08584770273013	0.67275	0
Rhma_8	10	0.2565	9	0.119402821171143	0.434	0.27462507083126	0.52675	0.523413600068203	0.707	0.505438182724972	0.52175	-0.57132370209418	0.25525	0.24332825303154	0.99875	0.157198294922746	0.6255	13.5553673046034	0.12275	4.41456247764561	0.54075	4.80146884645752	0.148	4.63248074644102	0.1265	0
Osse_6	20	0.763	16	0.73262373706553	0.492	NA	NA	NA	NA	NA	NA	-0.956859253789347	0.126	-0.7567283482338	0.03225	-0.293044422469217	0.1295	4.18572788845008	0.0355	1.86634417995953	0.04225	4.34155906105259	0.46975	4.11901239006209	0.365	0
Anbo_2	10	0.40575	9	0.622097886235546	0.8145	0.230781665444142	0.17075	0.399819206603241	0.15025	0.364325901743413	0.117	-0.0914051713275323	0.7515	-0.233013451912052	0.64675	0.90774528930623	1	11.1535023944532	0.58375	3.32760347541749	0.318	4.33728452919949	0.396	4.24112109733445	0.4995	0
Anbo_6	9	0.213	13	0.389233937123158	0.338	0.285453998884728	0.719	0.553080276805942	0.7335	0.672998360290888	0.91225	-1.03464047499983	0.049	-0.0622547518374478	0.9005	-0.132136498087293	0.36325	7.76992537971681	0.2025	3.47049805661603	0.40575	3.89876455792082	0.049	3.7902885308684	0.06275	0
Anbo_5	8	0.16925	9	0.797953169148318	0.943	NA	NA	NA	NA	NA	NA	-0.334334777614238	0.58175	-0.494525824167717	0.18025	0.04787780962733	0.62925	11.0817996631552	0.56875	2.54031888608654	0.042	4.57952825188712	0.59825	4.19531156130316	0.304	1
Raca_4	5	0.07125	16	0.360851366772581	0.84625	NA	NA	NA	NA	NA	NA	-0.0535455341017099	0.64675	-0.472170633339522	0.16875	-0.0957415761695326	0.31675	17.6281529703627	0.5075	2.93314169586372	0.11225	4.931327817691	0.525	4.68990242009039	0.54	1.33333333333333
Rapi_3	11	0.34575	11	0.343840744937784	0.4465	0.269926589423301	0.45675	0.630912110085411	0.7635	0.679412907371574	0.77575	0.14404954532069	0.73775	-0.598829966580597	0.1015	0.123784039728119	0.337	13.2374666879325	0.76675	3.62212264366459	0.60325	4.55351043124325	0.703	4.3748190447818	0.6385	0
Raca_2	7	0.23625	16	0.0767357946813639	0.28725	NA	NA	NA	NA	NA	NA	0.381651154549715	0.91425	-0.381589745425639	0.328	0.122600985496776	0.62475	17.2287394599247	0.46525	2.50285140357006	0.03775	5.0526065924193	0.677	4.68990242009039	0.53475	0
Anbo_6	8	0.1325	9	0.719231821383949	0.879	0.134583044585356	0.2015	0.655431695328076	0.95225	0.235452347924926	0.076	-0.36527596873974	0.52025	-0.20140135489815	0.70675	0.3437822330346	0.9265	8.40074930626317	0.2685	2.42974508742495	0.037	3.98903522538726	0.082	3.86506987443258	0.107	3.66666666666667
Rhma_8	10	0.2565	6	0.102986268820181	0.37775	0.266810993713617	0.497	0.373718262159335	0.16625	0.401540796434253	0.282	0.00190106029223645	0.7765	-0.379583055644536	0.3595	-0.0415250694607278	0.3475	15.0523818252556	0.21675	3.70139066498875	0.16475	4.80221682238724	0.14825	4.74343330050418	0.23225	2.66666666666667
Osse_6	18	0.60375	12	0.779252949050334	0.5975	0.141499779042114	0.2035	0.56624569555238	0.251	0.416548475757275	0.22325	-0.288781216036063	0.68875	-0.335483981300954	0.618	0.130151607001388	0.666	2.68643887398006	0.00475	2.50937560747267	0.198	4.16679517524142	0.275	4.00664761149604	0.2285	0
Raca_6	16	0.97025	6	0.249905694156194	0.678	0.267918443142823	0.382	0.609982429960216	0.5405	0.596945067134436	0.52825	-0.04724935358239	0.61825	-0.303865920436564	0.4925	0.203053628020775	0.73025	16.1892540108985	0.39075	4.04694739461704	0.632	4.76340248210384	0.25875	4.6247358708422	0.36325	0
Osse_5	16	0.47225	11	0.539930015459737	0.14775	0.166223791875919	0.2875	0.512411073492768	0.1055	0.41864286729722	0.2325	-0.488346556080152	0.463	-0.330470796369417	0.63725	0.00937352451974199	0.45	3.6634334603318	0.05625	3.01178132107157	0.531	3.992153901344	0.1355	3.93671804961082	0.19075	0
Anbo_4	11	0.46225	9	0.706990822289622	0.9655	0.56921342865347	0.98375	0.570393372646843	0.77725	0.675195403211502	0.8685	-0.636548252594083	0.281	-0.391850588706436	0.33225	0.167840040497315	0.77	12.4819613176332	0.629	3.25277381769905	0.24025	4.54181990804014	0.54725	4.43087763261592	0.6535	1.66666666666667
Anbo_3	9	0.27975	12	0.41686379789412	0.71825	0.333696258440407	0.54025	0.455300598325497	0.33925	0.593437319278562	0.65025	-0.693111253937981	0.182	-0.339473795987522	0.43925	0.0568490949320607	0.5815	11.0077620729009	0.51525	3.74971344909489	0.536	4.49260810568579	0.57825	4.37930464421098	0.662	4.33333333333333
Anbo_4	10	0.34075	14	0.306630028125474	0.4525	0.280444954482043	0.4765	0.591474400730809	0.83925	0.415665871812199	0.319	-0.204229391670875	0.6935	0.112831091552854	0.9865	0.220516994153512	0.82025	12.7906200662727	0.65525	3.30330646905285	0.264	4.75732531278323	0.78	4.48748332008874	0.73225	0
Raca_5	7	0.23675	11	0.119818185817446	0.3035	0.367642486673289	0.5015	0.605958280574891	0.54775	0.694546662865629	0.6385	-0.171933071589883	0.54425	-0.295791324888977	0.50825	-0.148710048214279	0.25275	16.6341937359706	0.427	3.26498575643454	0.223	5.06578025591961	0.64825	4.68189902385719	0.4275	0
Rhma_8	12	0.46475	8	0.0768304378294062	0.297	0.379031873024938	0.80975	0.574654160470447	0.856	0.565633303324929	0.65675	-0.292100271470362	0.50175	-0.185188893580342	0.73	0.143359499523889	0.60725	13.5743866074408	0.12325	4.494804667268	0.59	4.9985686205917	0.3345	4.8182831284596	0.317	0
Osse_4	19	0.72125	16	0.890889052263575	0.82225	NA	NA	NA	NA	NA	NA	-0.553591085792299	0.3735	-0.444839032838166	0.40625	0.1051242415901	0.60275	0.01	0	2.29857467927881	0.162	3.71808433066698	0.02825	3.65543965114664	0.043	0
Osse_5	20	0.8095	16	0.802637306581118	0.61325	NA	NA	NA	NA	NA	NA	-0.773631314164723	0.22675	-0.733239076773267	0.04425	-0.263158634218445	0.14125	5.05053465911807	0.167	1.24522202964917	0.0045	4.30928705435173	0.43075	4.09452137005379	0.35475	0
Rapi_3	8	0.1015	10	0.673196296342059	0.92	0.284526470579991	0.503	0.650503208974499	0.8195	0.633650679984719	0.69	-0.650636002746715	0.1065	-0.33193791835436	0.527	0.00306057041829824	0.19975	7.26161743030862	0.16075	3.78075242886773	0.6935	3.85332801297967	0.0625	3.8601695511348	0.07825	0
Osse_5	14	0.28825	6	0.661551176840439	0.3285	0.23517130256994	0.53775	0.574805543556733	0.26425	0.376319922400995	0.16075	-0.656900340439341	0.316	-0.574533349347503	0.1875	0.188662351554903	0.69975	6.98851738363553	0.40275	2.5170535057079	0.2545	4.41156753083506	0.55575	4.25881263622043	0.582	0
Anbo_2	8	0.193	8	0.518801979732814	0.6655	0.365151933953055	0.55125	0.388105751772245	0.12	0.545652157895882	0.46975	0.0180443187796894	0.826	-0.270622475079252	0.5655	1.00431568912249	1	9.48909961235727	0.385	3.12643807748436	0.21625	4.37723965794743	0.44425	4.17551559567463	0.41025	5.33333333333333
Rapi_3	8	0.1015	8	0.251793264744465	0.27975	0.124653596484098	0.06575	0.631386406003648	0.76525	0.301024870779626	0.0715	-0.0912296246428156	0.535	-0.380010419165341	0.43125	0.642570320841741	0.92975	7.97982646857689	0.232	1.90511601941027	0.01325	3.88592408991191	0.075	3.79102495105213	0.0495	0
Rapi_3	14	0.66925	9	0.496652187169625	0.719	0.299556705510593	0.55225	0.508550696101657	0.32075	0.650359773296944	0.72525	0.121526157443383	0.7195	-0.207900060795766	0.7635	0.349880240103616	0.65175	11.1141030354788	0.5655	3.57113583741616	0.57875	4.32994936198648	0.4455	4.27410118278305	0.507	0
Rapi_3	12	0.467	14	0.399759236447889	0.55125	NA	NA	NA	NA	NA	NA	0.101010757570039	0.70225	-0.417244946713616	0.3605	0.145242702811704	0.36525	13.5258898911661	0.78625	3.67159347903855	0.6335	4.33209344844012	0.44825	4.33473767366499	0.584	0
Rhma_8	12	0.46475	12	0.057477380805826	0.23275	0.335615675616495	0.7125	0.533331246754081	0.737	0.561976147893934	0.64775	-0.90479734952017	0.07875	-0.282452887512774	0.5435	0.0720169420176161	0.49975	16.9624496556912	0.37225	4.56309826368373	0.63025	5.11669447053958	0.4685	4.85681474864352	0.36625	0
Osse_6	15	0.32625	7	0.659786610982618	0.35525	0.135798898588569	0.1855	0.535008771591596	0.15825	0.318345465673059	0.08925	-0.0634019650431811	0.85275	-0.376405764089672	0.54	0.287152678883562	0.833	3.94307588176679	0.027	3.03551190200327	0.4735	3.94265405990045	0.09975	3.91270244087607	0.14775	0
Osse_1	16	0.41725	11	0.168755680373906	5e-04	NA	NA	NA	NA	NA	NA	-0.261587580810882	0.676	-0.663632665901772	0.093	0.0279149537904109	0.45775	11.8160948800738	0.91075	2.24968121879583	0.14525	4.65992820935644	0.7795	4.50148406352256	0.79975	0
Anbo_3	14	0.8065	15	0.214762503378074	0.31925	0.259212812329759	0.30825	0.447846300249907	0.3075	0.524573442766189	0.4925	-1.10957814254436	0.02625	-0.356739146277451	0.40575	-0.308837624683564	0.12825	16.2763079167486	0.908	4.48744967524612	0.88425	4.86211230618975	0.90725	4.67583464674707	0.92425	4.33333333333333
Raca_5	7	0.23675	16	0.127139664547691	0.32475	NA	NA	NA	NA	NA	NA	-0.110166706521517	0.60725	-0.179175198995381	0.72375	-0.0708106311006791	0.35725	12.9221059775327	0.13475	3.60238941193819	0.3935	4.76169938921857	0.2835	4.52284833542722	0.2425	0
Anbo_1	12	0.59975	13	0.598542262879886	0.67725	0.388676047269587	0.8805	0.499838122211037	0.51275	0.491266013822579	0.53375	-0.616166056978695	0.297	-0.486457562997092	0.18125	0.408652906543014	0.9605	10.7433620603168	0.491	2.66610020165279	0.06275	4.58013303928815	0.61825	4.24227365461146	0.40625	0
Anbo_5	13	0.68875	13	0.590052889602553	0.70125	0.317526211687962	0.72375	0.620802571316573	0.89825	0.632691229759386	0.816	-0.38178786377978	0.52775	0.11818592435595	0.9835	0.357508466580467	0.9245	21.7161654004068	0.99675	4.12541783517542	0.754	5.10306517736197	0.964	4.95789369102346	0.9815	1.66666666666667
Raca_4	7	0.2495	14	0.187323355817764	0.55275	0.304493859753361	0.325	0.543730312337321	0.304	0.529328740019595	0.23625	-0.584398963256724	0.16125	-0.162745442965643	0.7455	-0.407319149142457	0.05475	22.6308241910298	0.8605	3.91481660090375	0.61075	5.09800514699179	0.71775	4.8879970903497	0.77725	0
Raca_4	11	0.72475	10	0.262542798313611	0.701	0.392095553336171	0.5905	0.576949500951729	0.42325	0.773140066414474	0.80275	-0.0309407451576738	0.663	0.139143589902517	0.98775	0.199225293093893	0.74625	18.5271342213862	0.589	3.854451254237	0.573	5.07645712937917	0.694	4.7641773042229	0.631	1.33333333333333
Osse_2	18	0.6155	6	0.696724695682008	0.625	0.36303795746968	0.73025	0.601066104066976	0.37	0.64207620414787	0.59475	-0.756914386524947	0.20875	-0.596434532816427	0.1575	0.0757426454807327	0.562	6.94574068055553	0.371	3.11642763981348	0.576	4.37153792938321	0.51325	4.14374330643565	0.41425	0
Anbo_1	9	0.27	8	0.726378035135028	0.85725	0.0969381463320462	0.0645	0.529988091395234	0.6365	0.21394036122934	0.04725	-0.263002994668973	0.64425	-0.384166636849798	0.34625	0.170466753908766	0.8135	11.2553104339573	0.55025	2.87043741313141	0.1105	4.45496620940314	0.47275	4.29506074632441	0.47525	3.33333333333333
Raca_5	8	0.35325	8	0.0695068781385531	0.16625	0.239716453442554	0.1535	0.623177153566539	0.6195	0.541238126383597	0.27225	0.221747714865156	0.86475	-0.394493628868297	0.30325	0.335573195519755	0.86975	16.4814631021513	0.41225	3.98921508836184	0.62725	4.84592450656137	0.3715	4.74746589176888	0.516	0
Raca_4	7	0.2495	8	0.319303326315412	0.78925	0.115062302779075	0.00925	0.628468396056931	0.62675	0.297673327352696	0.01675	-0.172378931550408	0.5215	-0.353025027736612	0.3735	-0.134950981196952	0.26825	15.3118138220613	0.307	3.36341242866403	0.28925	4.86452645777041	0.443	4.50630383495199	0.30175	0
Osse_2	21	0.8345	14	0.341253985064627	0.09225	0.53189847292215	0.95925	0.818217643191137	0.9825	0.813035129714779	0.91625	0.543379542658252	0.99	0.317892448737902	1	0.0330758990907567	0.50175	34.6158694830456	1	4.65212765156405	0.99375	5.52145824255991	0.99925	5.28354333903666	1	0
Osse_5	12	0.1465	9	0.502240678054779	0.1115	0.198460155052231	0.40025	0.630610453322682	0.4665	0.451692201124411	0.30525	-0.122485181608365	0.802	-0.493562904699272	0.31825	0.183405459664665	0.6955	3.09612962199329	0.03	2.99998993808581	0.525	4.28381319021779	0.4015	3.94934151061077	0.2015	2.33333333333333
Raca_3	11	0.7325	9	0.365807643178723	0.88125	0.230767691276817	0.1485	0.534159465313122	0.2685	0.66759861772335	0.6225	-0.148006699806005	0.5395	0.017827550749239	0.94675	-0.00926743732911016	0.443	12.0605900800898	0.091	3.4370540513745	0.3015	4.73941782569918	0.28	4.41094148943643	0.1535	0
Anbo_5	14	0.77325	16	0.347404113260261	0.261	0.448384022375665	0.94275	0.70362277080056	0.98575	0.874407644688563	0.998	-0.604207800612289	0.319	0.0028812207020337	0.945	-0.0683779088913655	0.456	14.1303503056865	0.83575	4.94968019566706	0.9755	4.73354996514758	0.75425	4.66993192455429	0.866	0
Rapi_3	9	0.16125	7	0.184234986711891	0.1675	0.177202834292049	0.17225	0.521709428924311	0.36175	0.296696289106849	0.0685	-0.15873317138748	0.47625	-0.383286131039488	0.42525	0.401102500594069	0.7185	11.795709575083	0.6415	2.59266627265184	0.1015	4.33157591301089	0.448	4.13647469742792	0.32325	0
Osse_5	13	0.21275	10	0.562649751750673	0.17325	0.0765205502809189	0.04575	0.490678910928077	0.06975	0.229986090019636	0.026	-0.334873938514204	0.61325	-0.413129844561214	0.46625	0.136653577947664	0.635	4.86771970851255	0.146	2.8320019588697	0.431	4.16357202924819	0.275	4.06151643561592	0.31575	0
Raca_3	12	0.8245	11	0.0419597190609689	0.15875	0.632720346273895	0.9805	0.642289927385407	0.6815	0.884284928749223	0.97525	0.632797335022326	0.97925	-0.25740840212077	0.58125	0.0802788831812455	0.58425	13.1088637571506	0.15025	3.48191281693604	0.32375	4.62536002624535	0.17675	4.48304816511202	0.2195	0
Osse_6	19	0.6875	10	0.867296264646514	0.79325	NA	NA	NA	NA	NA	NA	-0.580769027995848	0.4125	-0.285386844521449	0.71025	0.174419750504604	0.7165	1.53250119434255	0	2.22235067381261	0.101	4.18914887103784	0.30225	4.06151643561592	0.29025	0
Osse_5	18	0.6545	7	0.333797049073161	0.02075	0.254548814345952	0.597	0.624392400257324	0.447	0.635481286064793	0.7015	-0.657725439217371	0.316	-0.570551283738199	0.19275	-0.159955553770837	0.233	12.3388832542748	0.89675	4.13403806354163	0.96075	4.80901263536878	0.9195	4.56839205890111	0.89675	0
Raca_2	11	0.724	11	0.14217210426859	0.48775	0.390322752212519	0.52125	0.586211710462698	0.45125	0.674763336333626	0.5695	-0.22254571128868	0.452	-0.263556314070041	0.56875	-0.0305813694872614	0.4135	16.3284298496706	0.39425	4.36375411959499	0.83925	4.87938594579569	0.4735	4.71415988607541	0.566	0
Osse_6	19	0.6875	13	0.828706700036893	0.70875	0.140415926019757	0.202	0.541557006902443	0.17475	0.356707135587331	0.13425	-0.307659575202851	0.6755	-0.483943620415475	0.32325	0.24406591877363	0.7965	2.93702008916231	0.006	2.04347473656924	0.06525	4.18266842381981	0.292	4.05519160815562	0.2795	0
Rhma_9	12	0.511	6	0.202217114729092	0.71975	0.150757566096573	0.125	0.444812992273752	0.42925	0.266650501956066	0.05175	-1.00529897436061	0.04075	-0.175689490470518	0.7575	0.209536667028875	0.69275	18.4626836899956	0.52025	3.57985421285085	0.1395	5.07960739173487	0.4315	4.8347830790924	0.3475	3.33333333333333
Raca_1	7	0.30925	10	0.294544730212433	0.65625	0.211759119886405	0.1205	0.496834401459028	0.152	0.426825397695517	0.08275	-0.256822750258623	0.4715	-0.185195147519257	0.7055	0.0196228224494676	0.45975	7.13298201992417	0.00175	4.03443061243813	0.6845	3.91803446076943	0.00125	3.85927189457388	0.002	0
Osse_4	15	0.36075	8	0.687231898148336	0.39225	0.244015367096149	0.43425	0.49972312011906	0.08825	0.415721811681859	0.16225	-0.772300550284733	0.19	-0.34246348250624	0.61375	0.280326980789103	0.805	2.44853196555604	0.0125	2.89811928192807	0.45575	3.85472558728501	0.069	3.77649979727362	0.10325	0
